559 233
491 375
940 357
443 99
351 386
950 405
312 181
906 170
682 495
917 148
481 623
209 190
1115 384
572 544
238 267
843 168
42 589
805 263
356 605
347 71
865 639
869 201
1167 237
304 544
179 106
872 583
1147 500
866 173
362 571
326 186
924 431
181 505
813 178
856 236
891 134
634 562
745 168
540 426
433 420
441 505
542 528
548 401
447 425
461 523
530 384
468 411
477 509
568 511
541 382
467 503
514 375
442 412
492 513
591 514
557 386
550 385
762 380
737 471
583 511
585 368
740 381
732 478
642 449
629 372
766 395
712 457
634 360
696 359
755 421
687 469
636 406
638 355
742 398
734 454
678 375
674 436
742 451
714 390
651 384
631 505
601 399
553 258
515 351
546 174
618 134
645 234
648 349
617 387
559 346
526 196
524 118
595 90
640 170
659 335
636 385
537 245
509 73
543 26
626 142
610 377
517 106
529 44
620 69
745 336
778 385
794 232
749 158
675 98
594 164
647 119
855 174
802 250
697 314
652 325
622 246
622 162
510 124
438 130
400 195
464 361
472 308
480 388
468 401
405 334
514 234
556 304
486 343
397 200
454 111
508 116
381 184
539 173
442 221
572 197
431 265
623 280
418 329
641 319
434 333
696 282
411 445
836 455
397 487
821 393
292 447
749 357
350 447
776 371
270 370
756 267
366 294
763 210
338 271
767 198
282 196
730 121
362 146
786 126
344 190
802 117
309 118
800 62
242 121
776 77
336 179
778 152
357 219
739 201
319 247
753 226
516 254
526 304
891 298
357 337
869 261
596 105
568 493
592 58
417 462
345 50
500 121
599 454
501 51
574 442
597 205
521 415
483 535
427 215
470 543
487 77
532 512
544 119
622 504
628 222
676 472
665 365
686 264
746 587
771 353
731 240
774 451
744 242
721 445
709 246
701 485
638 274
572 450
539 260
521 446
520 94
504 271
442 115
442 452
382 99
433 497
401 138
482 521
469 162
504 553
537 452
575 133
615 274
682 235
755 103
696 370
707 149
630 536
737 241
495 271
442 251
875 214
481 320
957 303
259 292
710 297
725 282
309 278
666 253
610 341
613 204
523 360
622 207
551 375
615 181
572 375
623 192
575 348
616 195
588 398
644 198
650 284
646 265
656 277
557 579
722 346
581 516
713 419
562 587
715 613
765 524
659 459
578 554
661 621
697 500
563 502
740 495
481 436
419 575
793 483
840 340
842 251
818 207
780 470
1020 503
1040 322
827 247
886 529
1046 341
675 503
347 553
266 301
152 392
464 372
268 318
735 164
550 124
369 104
800 105
376 145
819 129
364 254
696 253
410 297
742 295
217 352
786 319
215 423
875 370
180 443
805 367
159 527
904 425
339 540
847 510
233 574
893 458
784 494
329 511
825 456
451 511
840 418
421 475
778 401
717 403
522 423
570 411
276 507
931 428
761 426
237 481
897 365
253 470
757 403
907 393
246 474
1026 351
310 443
757 281
828 122
531 75
295 83
863 82
107 103
815 80
315 76
583 89
675 60
547 86
1069 105
609 116
543 284
944 144
554 277
657 160
725 94
816 154
455 540
723 120
308 434
680 85
384 535
268 613
733 87
315 618
761 144
187 232
878 364
88 223
832 596
242 284
295 214
314 255
776 508
199 293
902 578
369 265
405 245
850 472
840 498
400 154
302 114
